[12.24589579]
[12.47857302]
[12.71911854]
[12.96721456]
[13.22257187]
[13.48488058]
[13.7538445]
[14.02706294]
[14.30870882]
[14.59571867]
[14.88863603]
[15.18662618]
[15.48977807]
[15.79737203]
[16.10888846]
[16.42528607]
[16.7420694]
[17.05998032]
[17.38333449]
[17.70801461]
[18.03541462]
[18.36416013]
[18.69450423]
[19.02831398]
[19.36032661]
[19.69448776]
[20.02570664]
[20.36195599]
[20.66023111]
[21.0135403]
[21.33348382]
[21.61181022]
[21.94080606]
[22.22336108]
[22.4792284]
[22.81632925]
[23.07119179]
[23.36577319]
[23.54484634]
[23.73138021]
[23.92836631]
[24.03456131]
[24.1523686]
[24.21401245]
[24.2323278]
[24.22422792]
[24.16062567]
[24.06411637]
[23.91161039]
[23.78562817]
[23.58931178]
[23.37690664]
[23.13223654]
[22.88540924]
[22.59807126]
[22.23571546]
[21.95924412]
[21.66540706]
[21.45085089]
[21.05697162]
[20.8097719]
[20.42647013]
[20.08704148]
[19.76914755]
[19.43764637]
[19.10630067]
[18.77727074]
[18.44453791]
[18.118128]
[17.78900923]
[17.46639929]
[17.14251668]
[16.82329397]
[16.50916642]
[16.19819616]
[15.89154796]
[15.58785587]
[15.28798088]
[14.99157483]
[14.69947778]
[14.41173744]
[14.12895875]
[13.85134995]
[13.57937784]
[13.31334528]
[13.0536762]
[12.80071097]
[12.5548842]
[12.31793505]
[12.08769502]
[11.86433664]
[11.6529246]
[11.44619208]
[11.25504213]
[11.06780164]
[10.89434036]
[10.72933478]
[10.57654536]
[10.43432113]
[10.30427792]
[10.18602155]
[10.08029233]
[9.98698538]
[9.90635683]
[9.83833196]
[9.78304558]
[9.74055931]
[9.71099267]
[9.6943961]
[9.69082035]
[9.7002768]
[9.72276282]
[9.75824258]
[9.80663162]
[9.86773728]
[9.94131411]
[10.02717696]
[10.12522405]
[10.2367236]
[10.36275799]
[10.49795183]
[10.64369571]
[10.80196385]
[10.96485466]
[11.14670984]
[11.3374997]
[11.53986803]
[11.75173149]
[11.97511043]
[12.20397862]
[12.44556609]
[12.69351731]
[12.95094059]
[13.2152893]
[13.48740923]
[13.76610189]
[14.05139889]
[14.34259355]
[14.63943429]
[14.9414099]
[15.24819015]
[15.55935934]
[15.87224587]
[16.19353193]
[16.51382707]
[16.83844189]
[17.16308572]
[17.48988437]
[17.81766118]
[18.14672808]
[18.47627314]
[18.80609156]
[19.1356998]
[19.46505592]
[19.79348871]
[20.12208796]
[20.44070226]
[20.76626404]
[21.07558493]
[21.38814617]
[21.69781584]
[21.98988562]
[22.3187069]
[22.58970535]
[22.88016397]
[23.08575004]
[23.34344352]
[23.60039825]
[23.76522022]
[23.9227058]
[24.05232209]
[24.16637905]
[24.23039683]
[24.27597032]
[24.28007726]
[24.24715513]
[24.1798769]
[24.0677901]
[23.94960939]
[23.76942921]
[23.62872672]
[23.39102676]
[23.16828363]
[22.87899723]
[22.67131365]
[22.34840558]
[22.13452954]
[21.78672698]
[21.51015992]
[21.13782484]
[20.91181523]
[20.52340714]
[20.28542421]
[19.94293485]
[19.6508951]
[19.28754059]
[18.90227424]
[18.64863815]
[18.24859459]
[17.94927191]
[17.55648864]
[17.31142072]
[16.98575794]
[16.68165447]
[16.35410613]
[16.04239339]
[15.73834112]
[15.42805542]
[15.11060188]
[14.81631246]
[14.51408213]
[14.20767868]
[13.92112125]
[13.63887323]
[13.36090318]
[13.0841852]
[12.818263]
[12.56143353]
[12.31243111]
[12.06515921]
[11.85489528]
[11.48270689]
[11.47752385]
[11.14261696]
[11.02232214]
[10.76485409]
[10.63845768]
[10.44170742]
[10.37290861]
[10.14437125]
[9.99755529]
[10.15932121]
[10.03821422]
[9.83358045]
[9.75599433]
[9.84082657]
[9.68657232]
[9.80902905]
[9.70744375]
[9.80964004]
[9.74222113]
[9.96967789]
[9.8746166]
[10.01972718]
[10.06701492]
[10.23309172]
[10.2473297]
[10.31999047]
[10.67633241]
[10.80901878]
[10.99505216]
[11.06287169]
[11.27043175]
[11.4580896]
[11.77293308]
[11.89787168]
[12.24917163]
[12.4019243]
[12.74706694]
[12.93239286]
[13.29603446]
[13.49005431]
[13.87199185]
[14.08625781]
[14.46770298]
[14.70200194]
[15.09225948]
[15.33148276]
[15.73162136]
[15.98065355]
[16.38006829]
[16.63630061]
[17.04310404]
[17.29126068]
[17.70503948]
[17.95541322]
[18.3613339]
[18.61839599]
[19.0166322]
[19.27196935]
[19.66241484]
[19.91540042]
[20.29796068]
[20.54149767]
[20.91676319]
[21.14911795]
[21.50912474]
[21.73442362]
[22.07151165]
[22.28933619]
[22.59962495]
[22.8033273]
[23.08209367]
[23.26647381]
[23.50510126]
[23.66331327]
[23.85172892]
[23.97327895]
[24.09949491]
[24.17408954]
[24.23170149]
[24.25470953]
[24.24279124]
[24.21299764]
[24.13268677]
[24.05505522]
[23.90813176]
[23.7871122]
[23.58030405]
[23.42450397]
[23.1682311]
[22.98728191]
[22.69105621]
[22.49171735]
[22.16305187]
[21.95109536]
[21.59550501]
[21.37487336]
[20.99856857]
[20.76889888]
[20.37982925]
[20.14053608]
[19.74045511]
[19.49938956]
[19.0867778]
[18.84698314]
[18.4242877]
[18.18712221]
[17.75671863]
[17.52157447]
[17.09073112]
[16.85397158]
[16.424049]
[16.18970128]
[15.7588714]
[15.53137218]
[15.10060413]
[14.88224095]
[14.45419932]
[14.24724439]
[13.82470227]
[13.63198916]
[13.21810695]
[13.04200758]
[12.64037741]
[12.48351308]
[12.09734408]
[11.96260247]
[11.59504662]
[11.48473074]
[11.13893267]
[11.05521071]
[10.73371777]
[10.67858916]
[10.38377732]
[10.35844515]
[10.09264893]
[10.09796539]
[9.86284008]
[9.89965107]
[9.69624217]
[9.76529069]
[9.59440916]
[9.69632798]
[9.55827825]
[9.69337036]
[9.58823901]
[9.75639353]
[9.68406866]
[9.88496605]
[9.84498522]
[10.07766798]
[10.06982784]
[10.33244148]
[10.35673873]
[10.64738944]
[10.70306411]
[11.02003202]
[11.10570158]
[11.44707213]
[11.56098813]
[11.92456005]
[12.0646202]
[12.44785757]
[12.61175607]
[13.01177891]
[13.19703831]
[13.61072771]
[13.81465849]
[14.23875097]
[14.45853942]
[14.88972033]
[15.12242642]
[15.55755808]
[15.79987868]
[16.2364855]
[16.48412706]
[16.92145093]
[17.16787821]
[17.60714931]
[17.84699536]
[18.28321816]
[18.52165213]
[18.94672906]
[19.1841249]
[19.59466872]
[19.82890756]
[20.22318347]
[20.44802173]
[20.83130132]
[21.03836386]
[21.40552065]
[21.60055481]
[21.94273573]
[22.12766249]
[22.44052888]
[22.61394645]
[22.89419655]
[23.05344259]
[23.29715236]
[23.43833359]
[23.63995073]
[23.75764141]
[23.90924397]
[23.99640994]
[24.089137]
[24.13860251]
[24.17199372]
[24.18160134]
[24.15491718]
[24.12474707]
[24.03871902]
[23.97175695]
[23.82537653]
[23.72369871]
[23.5232467]
[23.39280374]
[23.14621085]
[22.99308926]
[22.70687286]
[22.53580569]
[22.21511602]
[22.02941525]
[21.67902942]
[21.48025986]
[21.106469]
[20.89308657]
[20.5030854]
[20.2767004]
[19.86868842]
[19.63718335]
[19.21161056]
[18.97733649]
[18.53658148]
[18.30053316]
[17.85015284]
[17.60846169]
[17.15465886]
[16.90839509]
[16.44954173]
[16.20445984]
[15.74083014]
[15.50088956]
[15.03514174]
[14.80364007]
[14.33945537]
[14.11974752]
[13.66129987]
[13.45691222]
[13.00860164]
[12.82311726]
[12.38935876]
[12.22626241]
[11.81128557]
[11.67379551]
[11.28150683]
[11.17242866]
[10.80632791]
[10.72794235]
[10.39113501]
[10.3450845]
[10.04035747]
[10.02784061]
[9.75719321]
[9.77925522]
[9.54409386]
[9.60117568]
[9.40197335]
[9.49591459]
[9.33578548]
[9.46197578]
[9.33487129]
[9.5064459]
[9.45128268]
[9.57798862]
[9.61981018]
[9.8430361]
[9.94615377]
[10.11217701]
[10.22135391]
[10.25119318]
[10.56465815]
[10.70335805]
[10.93961471]
[11.22981975]
[11.35838782]
[11.56287943]
[12.03045808]
[12.29293803]
[12.59790154]
[12.81943524]
[13.23841085]
[13.45310616]
[13.85785226]
[14.14729707]
[14.55757454]
[14.83013016]
[15.1680876]
[15.60449776]
[15.99028743]
[16.39589529]
[16.72358017]
[16.99025046]
[17.38170673]
[17.75963824]
[18.1438793]
[18.42754875]
[18.76116549]
[19.0920885]
[19.4943428]
[19.79170419]
[20.06499428]
[20.40281565]
[20.72775672]
[21.06655684]
[21.31384411]
[21.50469815]
[21.84427056]
[22.04665582]
[22.25321544]
[22.44931487]
[22.72658141]
[22.87867898]
[23.12572379]
[23.22727726]
[23.37916803]
[23.52694062]
[23.68230585]
[23.76340321]
[23.88469792]
[23.9501917]
[24.01531222]
[24.04916077]
[24.06910924]
[24.06590088]
[24.05075927]
[24.01802596]
[23.98900198]
[23.87676725]
[23.80216099]
[23.65127558]
[23.5498954]
[23.36811711]
[23.21518181]
[23.03954335]
[22.82202179]
[22.64108826]
[22.35092656]
[22.13027962]
[21.91905981]
[21.55940472]
[21.3847657]
[21.01926981]
[20.76298049]
[20.39837972]
[20.14981353]
[19.72675278]
[19.50222342]
[19.06364528]
[18.78306803]
[18.37576673]
[18.00715607]
[17.67885897]
[17.3137607]
[16.8688502]
[16.52194977]
[16.08711971]
[15.6701685]
[15.34093689]
[15.05386945]
[14.71488828]
[14.32176712]
[13.95562923]
[13.58135832]
[13.12477547]
[12.84434326]
[12.4483834]
[12.13286745]
[11.7787071]
[11.60426388]
[11.19121786]
[11.00521722]
[10.79514266]
[10.56212787]
[10.3368737]
[10.11709449]
[9.93390682]
[9.74519581]
[9.56960686]
[9.49963146]
[9.37544734]
[9.28439907]
[9.21570209]
[9.16498049]
[9.02765309]
[9.10357641]
[9.20867813]
[9.13626527]
[9.20114295]
[9.21210459]
[9.37917276]
[9.45286336]
[9.59527136]
[9.7609483]
[9.9323318]
[10.12317811]
[10.3314023]
[10.56017729]
[10.80404615]
[11.06545499]
[11.34176032]
[11.63663255]
[12.01505155]
[12.20468189]
[12.50889052]
[12.84223266]
[13.18204881]
[13.56607423]
[13.95406863]
[14.37884003]
[14.73326245]
[15.15338184]
[15.48269133]
[15.9117331]
[16.26329308]
[16.70203488]
[17.09710833]
[17.55790273]
[17.88723291]
[18.18152355]
[18.57764557]
[18.88759792]
[19.28113546]
[19.5495541]
[19.94270081]
[20.28892373]
[20.57253]
[20.89571159]
[21.0651039]
[21.35173]
[21.63371503]
[21.92415814]
[22.15739534]
[22.36390076]
[22.48832425]
[22.69360391]
[22.90414634]
[23.06207544]
[23.19804424]
[23.34776486]
[23.44264186]
[23.55437153]
[23.62517704]
[23.71506823]
[23.77855244]
[23.83790459]
[23.86760906]
[23.90771745]
[23.93262319]
[23.94567696]
[23.93581949]
[23.90748071]
[23.87348627]
[23.82351899]
[23.75572277]
[23.65802372]
[23.56392959]
[23.45226508]
[23.31522288]
[23.15212608]
[22.992823]
[22.80919851]
[22.61630817]
[22.41077289]
[22.21975023]
[21.93534033]
[21.65459201]
[21.3456614]
[21.06174371]
[20.73653977]
[20.34330642]
[20.09589525]
[19.7478296]
[19.38210714]
[19.08083805]
[18.6738078]
[18.45457519]
[17.95160703]
[17.5193926]
[17.09718582]
[16.64544763]
[16.26528866]
[15.83638065]
[15.57958229]
[15.13488289]
[14.72926518]
[14.23986362]
[13.82219505]
[13.36415975]
[13.08528846]
[12.58994956]
[12.2463941]
[11.90223578]
[11.46593854]
[11.2121706]
[10.77546322]
[10.5320382]
[10.45229785]
[10.11155584]
[9.90507548]
[9.61767192]
[9.39596319]
[9.2741787]
[9.19598327]
[8.97715685]
[8.84642483]
[8.76472199]
[8.70308475]
[8.66242739]
[8.64800878]
[8.64753445]
[8.68379442]
[8.71584862]
[8.82480392]
[8.85590121]
[8.90441926]
[9.17686253]
[9.37668098]
[9.54429348]
[9.673077]
[9.91359739]
[10.09313047]
[10.43282774]
[10.6409879]
[10.98849334]
[11.20819478]
[11.62137718]
[11.84490311]
[12.37599024]
[12.73505371]
[13.13585151]
[13.51794551]
[13.83770805]
[14.28030267]
[14.72214233]
[15.16538658]
[15.59527972]
[16.00965778]
[16.35534905]
[16.81952927]
[17.24792888]
[17.71984487]
[18.10836912]
[18.50047357]
[18.88230018]
[19.1962017]
[19.59967482]
[19.92038792]
[20.32472453]
[20.6440179]
[20.95833111]
[21.24810335]
[21.52893031]
[21.78538082]
[22.02587289]
[22.24676162]
[22.45175838]
[22.60053515]
[22.79461651]
[22.93619661]
[23.06134734]
[23.13414004]
[23.25334317]
[23.30782917]
[23.41997133]
[23.45499029]
[23.53247334]
[23.58136385]
[23.59483778]
[23.65630928]
[23.68755404]
[23.71957905]
[23.74239573]
[23.76460155]
[23.76915698]
[23.7975349]
[23.80864349]
[23.80161544]
[23.79357826]
[23.73756995]
[23.720971]
[23.61502653]
[23.49311751]
[23.4450189]
[23.26467317]
[23.23838247]
[23.02135185]
[22.87295558]
[22.7559228]
^C[22.52517729]
[22.28128142]
[22.01722339]
[21.66756575]
[21.39939245]
[21.09205156]
[20.76918632]
[20.40059537]
[19.95945862]
[19.54997874]
[19.29802108]
[18.80489134]
[18.37383898]
[18.00526266]
[17.45317144]
[16.9946859]
[16.53765484]
[16.07397122]
[15.61274889]
[15.13466808]
[14.73026828]
[14.36438195]
[13.92214614]
[13.38486397]
[13.04150031]
[12.50924716]
[12.22759937]
[11.70532628]
[11.31789681]
[10.95271015]
[10.61827556]
[10.28593991]
[9.99454657]
[9.82111452]
[9.44633197]
[9.35428321]
[8.97205607]
[8.94266427]
[8.75981816]
[8.58472409]
[8.35044912]
[8.373541]
[8.29263153]
[8.23088995]
[8.23921863]
[8.20152507]
[8.24068413]
[8.27353543]
[8.34810869]
[8.43543233]
[8.55290354]
[8.68970312]
[8.85201715]
[9.03553212]
[9.24235657]
[9.47070866]
[9.72122479]
[9.99301863]
[10.28601941]
[10.60307645]
[10.93133409]
[11.28891776]
[11.65717171]
[12.04513232]
[12.47085535]
[12.77032469]
[13.33064382]
[13.68059581]
[14.19391723]
[14.58268646]
[15.05620339]
[15.59007369]
[15.94325981]
[16.42320522]
[16.90405476]
[17.35593755]
[17.81974964]
[18.24944697]
[18.68054106]
[19.09815593]
[19.50194262]
[19.89487956]
[20.26590764]
[20.62170469]
[20.95952339]
[21.27657537]
[21.5724239]
[21.8456005]
[22.09491186]
[22.31971186]
[22.52055399]
[22.69791525]
[22.85443699]
[22.98582433]
[23.09508786]
[23.18682264]
[23.256849]
[23.31103529]
[23.4093102]
[23.39251067]
[23.44798931]
[23.42114903]
[23.4609332]
[23.46983463]
[23.46959692]
[23.49367984]
[23.51394022]
[23.54131857]
[23.57728734]
[23.60949719]
[23.65947878]
[23.67157487]
[23.73956424]
[23.7370508]
[23.77297743]
[23.8058855]
[23.7840008]
[23.75425443]
[23.64707662]
[23.59822303]
[23.57533679]
[23.47318391]
[23.27725604]
[23.14114833]
[22.87520528]
[22.74137542]
[22.49365012]
[22.23795146]
[21.94733173]
[21.63685933]
[21.30122719]
[20.94363301]
[20.56868012]
[20.17728571]
[19.76138145]
[19.33112024]
[18.88480154]
[18.42439782]
[17.91734512]
[17.46150624]
[16.99722896]
[16.47594982]
[15.95349905]
[15.47339331]
[14.93326619]
[14.42243331]
[13.90432103]
[13.42366913]
[12.97952674]
[12.47753205]
[12.01271116]
[11.5571703]
[11.14155312]
[10.72273633]
[10.34866119]
[9.98423839]
[9.65107157]
[9.33742824]
[9.04843854]
[8.78357775]
[8.54368567]
[8.32778868]
[8.13818035]
[8.02498329]
[7.92064748]
[7.68694916]
[7.71269604]
[7.60656456]
[7.61123901]
[7.63051568]
[7.65422098]
[7.60066143]
[7.65206652]
[7.69568106]
[7.94592815]
[8.00895395]
[8.24658334]
[8.3916842]
[8.52724005]
[8.74992076]
[9.017962]
[9.1867782]
[9.56413011]
[9.97214593]
[10.4235692]
[10.66166336]
[11.20559575]
[11.58629409]
[12.01988013]
[12.53515598]
[12.98880515]
[13.40465688]
[13.84419701]
[14.27816901]
[14.72149662]
[15.33976296]