[2.74895367]
[2.67144377]
[2.60618679]
[2.52131153]
[2.44996658]
[2.35804693]
[2.28088974]
[2.18228545]
[2.09960824]
[1.99471227]
[1.90682192]
[1.79605509]
[1.70327127]
[1.5870774]
[1.48973075]
[1.36857225]
[1.26700264]
[1.14135678]
[1.0359117]
[0.90626734]
[0.79730069]
[0.66415554]
[0.55202668]
[0.4158851]
[0.30095834]
[0.16232954]
[0.04497404]
[-0.09562921]
[-0.21503915]
[-0.35710143]
[-0.47818564]
[-0.62118937]
[-0.74356069]
[-0.88698622]
[-1.01024903]
[-1.15357446]
[-1.27732282]
[-1.54383896]
[-1.68426333]
[-1.80770688]
[-1.94755785]
[-2.07018084]
[-2.20781678]
[-2.32915555]
[-2.46402582]
[-2.58357393]
[-2.71513278]
[-2.83237931]
[-2.9600762]
[-3.07446299]
[-3.19773394]
[-3.30867061]
[-3.4269561]
[-3.53383118]
[-3.64656421]
[-3.74872565]
[-3.85532696]
[-3.95210695]
[-4.05198868]
[-4.14271635]
[-4.23527079]
[-4.31926921]
[-4.40387915]
[-4.48047461]
[-4.55653383]
[-4.62505413]
[-4.69197663]
[-4.7517619]
[-4.80898792]
[-4.85940969]
[-4.90641352]
[-4.94688323]
[-4.98318732]
[-5.01316935]
[-5.03835694]
[-5.05738174]
[-5.07110508]
[-5.07878324]
[-5.08077004]
[-5.07680262]
[-5.06686415]
[-5.05104893]
[-5.0290867]
[-5.00132586]
[-4.96733761]
[-4.92762421]
[-4.8817144]
[-4.83011691]
[-4.77249875]
[-4.70916737]
[-4.6401471]
[-4.56532242]
[-4.48527532]
[-4.39928801]
[-4.30864435]
[-4.21190989]
[-4.11114535]
[-4.00415031]
[-3.89377486]
[-3.77706268]
[-3.65761437]
[-3.53177458]
[-3.40381155]
[-3.26946641]
[-3.13355723]
[-2.99135129]
[-2.84807039]
[-2.69866303]
[-2.54858416]
[-2.39264017]
[-2.23633054]
[-2.07451422]
[-1.91253299]
[-1.74550396]
[-1.57839885]
[-1.40680647]
[-1.23511199]
[-1.05959316]
[-0.88383182]
[-0.70500933]
[-0.52569111]
[-0.34417124]
[-0.16179495]
[0.02183211]
[0.20677569]
[0.3919356]
[0.57896194]
[0.76509611]
[0.95372324]
[1.14028645]
[1.33003033]
[1.51648874]
[1.70685933]
[1.89268807]
[2.08318357]
[2.26786254]
[2.45796306]
[2.64097291]
[2.83013417]
[3.01095154]
[3.1985969]
[3.37668825]
[3.56220032]
[3.73701601]
[3.9197279]
[4.0906957]
[4.26988107]
[4.4363995]
[4.6112625]
[4.77269541]
[4.94236069]
[5.09803295]
[5.26153626]
[5.41073085]
[5.56701318]
[5.70896814]
[5.85687947]
[5.99077737]
[6.12910156]
[6.2540427]
[6.38154922]
[6.49652332]
[6.61200521]
[6.71592609]
[6.81816244]
[6.90996102]
[6.99770181]
[7.07636343]
[7.14839764]
[7.21298236]
[7.26817173]
[7.31783751]
[7.35517206]
[7.38921032]
[7.40784625]
[7.42572152]
[7.42500139]
[7.42638314]
[7.40584842]
[7.39069739]
[7.35002008]
[7.31858485]
[7.25763528]
[7.21032508]
[7.1292937]
[7.06660837]
[6.96599079]
[6.88853169]
[6.76905221]
[6.67753141]
[6.54007949]
[6.43530499]
[6.2808898]
[6.16373831]
[5.99345276]
[5.86484002]
[5.67983001]
[5.54068374]
[5.34212184]
[5.19335904]
[4.9824226]
[4.8249318]
[4.60278541]
[4.43741365]
[4.20519587]
[4.03274011]
[3.7915539]
[3.61275584]
[3.36366227]
[3.17920634]
[2.92322086]
[2.73373447]
[2.47182532]
[2.27788079]
[2.01096891]
[1.81308678]
[1.54204697]
[1.34070011]
[1.06636293]
[0.86198122]
[0.58513549]
[0.37811085]
[0.0995065]
[-0.10980178]
[-0.38945066]
[-0.60071059]
[-0.8807225]
[-1.09362372]
[-1.37334638]
[-1.58759432]
[-1.86640113]
[-2.08171071]
[-2.35899684]
[-2.57508557]
[-2.85026349]
[-3.0668437]
[-3.33933791]
[-3.55610772]
[-3.8253483]
[-4.04198101]
[-4.30739549]
[-4.52352699]
[-4.78453011]
[-4.99974362]
[-5.25572463]
[-5.46953281]
[-5.71983993]
[-5.9316638]
[-6.17558527]
[-6.38472986]
[-6.62147222]
[-6.82709987]
[-7.05576409]
[-7.25686602]
[-7.47642326]
[-7.67179099]
[-7.88106142]
[-8.06926037]
[-8.26690115]
[-8.44624679]
[-8.63075893]
[-8.79929544]
[-8.96905862]
[-9.12455338]
[-9.27786403]
[-9.4178951]
[-9.55292596]
[-9.67509776]
[-9.78989348]
[-9.89188248]
[-9.98457558]
[-10.06418668]
[-10.13311645]
[-10.18842368]
[-10.23224331]
[-10.2617139]
[-10.27948431]
[-10.2820822]
[-10.27338811]
[-10.24855689]
[-10.21358824]
[-10.16112944]
[-10.10063949]
[-10.0208969]
[-9.93603044]
[-9.82991489]
[-9.72211459]
[-9.59096309]
[-9.46190286]
[-9.30734199]
[-9.15884231]
[-8.98267715]
[-8.81661807]
[-8.62074071]
[-8.43898649]
[-8.22530314]
[-8.02964397]
[-7.80002021]
[-7.59213183]
[-7.34835461]
[-7.12977383]
[-6.87352761]
[-6.6456401]
[-6.37849426]
[-6.14253252]
[-5.86593675]
[-5.62298453]
[-5.33826966]
[-5.08927101]
[-4.79765365]
[-4.54342517]
[-4.2460145]
[-3.98725879]
[-3.68506434]
[-3.42238422]
[-3.11632439]
[-2.85023717]
[-2.54114782]
[-2.27209842]
[-1.96074157]
[-1.6891146]
[-1.37618711]
[-1.10231746]
[-0.78845959]
[-0.51264132]
[-0.19844475]
[0.07906125]
[0.39304602]
[0.67200529]
[0.9852627]
[1.26546132]
[1.57750583]
[1.85874465]
[2.1691172]
[2.45120612]
[2.75947199]
[3.0422241]
[3.34797174]
[3.63119712]
[3.93403741]
[4.21753646]
[4.51710172]
[4.80065765]
[5.09659962]
[5.37923122]
[5.67125142]
[5.95414408]
[6.24183768]
[6.52392272]
[6.80699963]
[7.0878965]
[7.3660294]
[7.64522367]
[7.91799178]
[8.19483138]
[8.46176523]
[8.73545379]
[8.99596313]
[9.26543515]
[9.51871655]
[9.78260558]
[10.02763479]
[10.28420841]
[10.51964099]
[10.76668748]
[10.99078545]
[11.22556748]
[11.43620399]
[11.65540547]
[11.85006289]
[12.04977186]
[12.22559608]
[12.40152052]
[12.55522971]
[12.70328378]
[12.8312296]
[12.94754451]
[13.04643048]
[13.12739368]
[13.19460527]
[13.23732175]
[13.27111606]
[13.27367417]
[13.27357383]
[13.2349109]
[13.20186376]
[13.1218382]
[13.05746022]
[12.93750781]
[12.84396924]
[12.68657167]
[12.5666139]
[12.37481385]
[12.23153426]
[12.00865377]
[11.84524727]
[11.59467313]
[11.41423231]
[11.13925886]
[10.94465698]
[10.64838633]
[10.44218955]
[10.12748075]
[9.91190904]
[9.58136562]
[9.35829093]
[9.01427797]
[8.7852096]
[8.42988889]
[8.19597768]
[7.83135016]
[7.5934072]
[7.22134912]
[6.97986856]
[6.60212972]
[6.35737945]
[5.97550948]
[5.72770053]
[5.34290581]
[5.09238187]
[4.70540397]
[4.45274213]
[4.06390432]
[3.80980727]
[3.41924813]
[3.16431177]
[2.77221809]
[2.51680141]
[2.12348599]
[1.86773003]
[1.47359135]
[1.21749712]
[0.82296175]
[0.56646077]
[0.17195302]
[-0.08505557]
[-0.47912106]
[-0.73675505]
[-1.12997269]
[-1.38835244]
[-1.78032555]
[-2.03956197]
[-2.42990914]
[-2.69008386]
[-3.0784628]
[-3.33958333]
[-3.72573955]
[-3.98768089]
[-4.37149654]
[-4.63397524]
[-5.01544848]
[-5.27810835]
[-5.65720257]
[-5.9198144]
[-6.29625844]
[-6.55887509]
[-6.9320929]
[-7.195017]
[-7.56423757]
[-7.82785772]
[-8.19227787]
[-8.45691582]
[-8.81579522]
[-9.08162443]
[-9.43429888]
[-9.70131437]
[-10.04715458]
[-10.31515029]
[-10.65349503]
[-10.92202286]
[-11.25209391]
[-11.52039339]
[-11.8411911]
[-12.10808372]
[-12.41826001]
[-12.68201064]
[-12.97972136]
[-13.23787703]
[-13.52062599]
[-13.76985522]
[-14.03436011]
[-14.27033332]
[-14.51247075]
[-14.72982643]
[-14.94475191]
[-15.13715981]
[-15.31969907]
[-15.48024758]
[-15.62526556]
[-15.7476211]
[-15.85031889]
[-15.92912988]
[-15.98593035]
[-16.01745555]
[-16.02660972]
[-16.00925427]
[-15.97127687]
[-15.90508805]
[-15.82251487]
[-15.70923697]
[-15.58615106]
[-15.42939941]
[-15.27080879]
[-15.07519704]
[-14.88650743]
[-14.65699777]
[-14.44354077]
[-14.18501504]
[-13.95172022]
[-13.66872042]
[-13.41993539]
[-13.11654256]
[-12.85596249]
[-12.53577772]
[-12.26643801]
[-11.93263253]
[-11.65691884]
[-11.31232662]
[-11.03198512]
[-10.67919041]
[-10.39540955]
[-10.03667045]
[-9.75043841]
[-9.3872353]
[-9.09992824]
[-8.73275561]
[-8.44589622]
[-8.07522344]
[-7.78965091]
[-7.41625123]
[-7.13229655]
[-6.75685035]
[-6.47468085]
[-6.09774281]
[-5.81740891]
[-5.43943179]
[-5.16087917]
[-4.78222726]
[-4.50532186]
[-4.12628483]
[-3.85082667]
[-3.4716455]
[-3.19736237]
[-2.81824345]
[-2.54480626]
[-2.16592493]
[-1.89297501]
[-1.51447284]
[-1.24164408]
[-0.86363189]
[-0.59055959]
[-0.21312918]
[0.06054884]
[0.43731044]
[0.71195153]
[1.08794957]
[1.36390242]
[1.73902489]
[2.01662484]
[2.39073556]
[2.67029821]
[3.04323247]
[3.32504705]
[3.69661186]
[3.98093345]
[4.35091376]
[4.63795287]
[5.00612073]
[5.29603075]
[5.66214647]
[5.95502353]
[6.31882409]
[6.61472851]
[6.97593386]
[7.27488532]
[7.63320741]
[7.93518312]
[8.29032361]
[8.59527877]
[8.94695722]
[9.25480798]
[9.60280702]
[9.91333102]
[10.25742799]
[10.57036549]
[10.91028699]
[11.2254093]
[11.56084307]
[11.87783804]
[12.20844574]
[12.52681612]
[12.85218476]
[13.17116401]
[13.49070921]
[13.80914199]
[14.12196806]
[14.43813438]
[14.74284414]
[15.05422389]
[15.3486768]
[15.65166893]
[15.9327095]
[16.22234027]
[16.48556152]
[16.75526608]
[16.994934]
[17.23651803]
[17.44583351]
[17.64977727]
[17.82136694]
[17.97832846]
[18.10473061]
[18.20714945]
[18.28245629]
[18.32456968]
[18.34574788]
[18.32489261]
[18.2926884]
[18.20895254]
[18.12742857]
[17.9836599]
[17.85847031]
[17.66072625]
[17.49884724]
[17.25438406]
[17.06324995]
[16.77943564]
[16.56610655]
[16.24981966]
[16.02050351]
[15.67785322]
[15.43770103]
[15.07401417]
[14.82703896]
[14.4470655]
[14.19601688]
[13.80434378]
[13.55047654]
[13.15186432]
[12.89536359]
[12.49335779]
[12.23622056]
[11.83045494]
[11.5766612]
[11.16683284]
[10.91805702]
[10.50525658]
[10.26207603]
[9.84727897]
[9.61002274]
[9.19404029]
[8.96283274]
[8.54642602]
[8.32097383]
[7.90539344]
[7.68433819]
[7.27128059]
[7.05345678]
[6.64359337]
[6.42893141]
[6.02193765]
[5.8108041]
[5.406121]
[5.19875257]
[4.79592265]
[4.59230962]
[4.1910027]
[3.9909313]
[3.59089826]
[3.39401164]
[2.99504123]
[2.8008882]
[2.40278093]
[2.21084489]
[1.81340132]
[1.623121]
[1.22613673]
[1.03692294]
[0.64018934]
[0.45143505]
[0.05474388]
[-0.13416551]
[-0.53101713]
[-0.72069365]
[-1.11789671]
[-1.3089423]
[-1.7066691]
[-1.89966623]
[-2.29806515]
[-2.49356692]
[-2.89275808]
[-3.09127871]
[-3.49135235]
[-3.6933542]
[-4.09437387]
[-4.30025123]
[-4.70226305]
[-4.91232096]
[-5.31537251]
[-5.52979628]
[-5.93396671]
[-6.15278584]
[-6.55821685]
[-6.78128837]
[-7.18816405]
[-7.41526834]
[-7.82359501]
[-8.05481781]
[-8.46390315]
[-8.70009465]
[-9.10848569]
[-9.35066721]
[-9.75732747]
[-10.0058478]
[-10.41022043]
[-10.66513302]
[-11.06668617]
[-11.32798338]
[-11.72621]
[-11.99382111]
[-12.38838426]
[-12.6616828]
[-13.05356475]
[-13.33011135]
[-13.7204191]
[-13.99894083]
[-14.38589674]
[-14.66899719]
[-15.05016528]
[-15.33741328]
[-15.71084369]
[-16.00147694]
[-16.3651397]
[-16.6571203]
[-17.00830046]
[-17.29825455]
[-17.63311331]
[-17.91607092]
[-18.22917328]
[-18.49801138]
[-18.78201118]
[-19.02740872]
[-19.27319357]
[-19.48393773]
[-19.68146367]
[-19.84523294]
[-19.98537356]
[-20.0914822]
[-20.16721886]
[-20.20831394]
[-20.2160823]
[-20.18938081]
[-20.13057471]
[-20.03797235]
[-19.91823677]
[-19.76435008]
[-19.59256894]
[-19.38533773]
[-19.17182416]
[-18.92037558]
[-18.67529222]
[-18.38842805]
[-18.12086571]
[-17.80636632]
[-17.52389747]
[-17.18829943]
[-16.89691163]
[-16.54565527]
[-16.24987073]
[-15.88764256]
[-15.59050684]
[-15.2215433]
[-14.92500618]
[-14.55227925]
[-14.25903388]
[-13.88342908]
[-13.59642323]
[-13.21887462]
[-12.93934042]
[-12.56119453]
[-12.28989364]
[-11.9120503]
[-11.6496616]
[-11.27325124]
[-11.01965513]
[-10.64573649]
[-10.4005593]
[-10.029697]
[-9.79345913]
[-9.42554735]
[-9.19862453]
[-8.83361227]
[-8.61619032]
[-8.25415066]
[-8.04624033]
[-7.68730874]
[-7.48861226]
[-7.13294392]
[-6.94319928]
[-6.59088545]
[-6.4097832]
[-6.06089282]
[-5.88795167]
[-5.54251738]
[-5.37731557]
[-5.03528961]
[-4.87734808]
[-4.5386578]
[-4.38737811]
[-4.05190272]
[-3.90673571]
[-3.57428386]
[-3.43461605]
[-3.10497678]
[-2.97011655]
[-2.6430325]
[-2.51232752]
[-2.18749005]
[-2.06022866]
[-1.73731873]
[-1.61274578]
[-1.29140909]
[-1.16880167]
[-0.84865552]
[-0.72724393]
[-0.40790667]
[-0.28690499]
[0.03202369]
[0.15337313]
[0.47229908]
[0.59478448]
[0.91409959]
[1.03850415]
[1.35859951]
[1.48567806]
[1.80692881]
[1.93744791]
[2.26020095]
[2.39490397]
[2.71948484]
[2.8590813]
[3.18577994]
[3.33096991]
[3.66003324]
[3.81147606]
[4.14311031]
[4.30142101]
[4.63578068]
[4.80154263]
[5.13872664]
[5.31246638]
[5.65251867]
[5.83470657]
[6.17760975]
[6.36866584]
[6.71434061]
[6.91461793]
[7.26292386]
[7.47271317]
[7.82344655]
[8.04298179]
[8.39587609]
[8.62532882]
[8.98005439]
[9.21954462]
[9.57570943]
[9.82530968]
[10.1824749]
[10.44217713]
[10.79992911]
[11.06952615]
[11.42762505]
[11.70657661]
[12.06484778]
[12.35268473]
[12.71079492]
[13.00725563]
[13.3648058]
[13.66948529]
[14.02603198]
[14.33850873]
[14.6936251]
[15.0134774]
[15.36670304]
[15.69308866]
[16.04371358]
[16.37554632]
[16.72277144]
[17.05860142]
[17.40117782]
[17.73882269]
[18.07475015]
[18.41087173]
[18.73700804]
[19.06659353]
[19.37814153]
[19.69391367]
[19.98389885]
[20.27583252]
[20.53485962]
[20.79013326]
[21.00688492]
[21.21063117]
[21.37331912]
[21.51141368]
[21.60975599]
[21.67257498]
[21.70038225]
[21.6829195]
[21.64022367]
[21.54361894]
[21.43722696]
[21.26654946]
[21.10644641]
[20.87171775]
[20.66975912]
[20.38286295]
[20.15102101]
[19.82324606]
[19.5720802]
[19.21317659]
[18.95120466]
[18.56922747]
[18.30282028]
[17.90455794]
[17.63782309]
[17.22975496]
[16.9640896]
[16.55295246]
[16.28895916]
[15.8771065]
[15.62012929]
[15.20630145]
[14.95984315]
[14.5454311]
[14.31048453]
[13.89688215]
[13.67399123]
[13.26282445]
[13.05081026]
[12.64582824]
[12.44179541]
[12.04498585]
[11.84990932]
[11.46002234]
[11.27589284]
[10.89197396]
[10.71980978]
[10.34167397]
[10.18183326]
[9.809671]
[9.66220929]
[9.29635159]
[9.16119269]
[8.80200604]
[8.67901237]
[8.32685369]
[8.21585254]
[7.87104631]
[7.77184258]
[7.43466692]
[7.34704601]
[7.01772609]
[6.94145339]
[6.62015668]
[6.55497931]
[6.24181305]
[6.18745977]
[5.88247233]
[5.83865437]
[5.54183703]
[5.50825133]
[5.21954191]
[5.195873]
[4.91516193]
[4.90108446]
[4.62822081]
[4.62340263]
[4.35820168]
[4.36230482]
[4.10455726]
[4.11723838]
[3.8667193]
[3.88762952]
[3.64410847]
[3.67289123]
[3.43614204]
[3.47243204]
[3.24224009]
[3.28566386]
[3.06183047]
[3.11200976]
[2.89435166]
[2.9509116]
[2.73925536]
[2.80183464]
[2.59601008]
[2.66427132]
[2.46410427]
[2.53774234]
[2.34305121]
[2.42179607]
[2.2323933]
[2.31600832]
[2.13170491]
[2.21998243]
[2.04059406]
[2.13335013]
[1.95870255]
[2.05577294]
[1.88570532]
[1.98694304]
[1.82130999]
[1.92658393]
[1.76525632]
[1.87445079]