-0.011220950065581058
-0.011312895407278402
-0.010294045854856165
-0.010259610331159366
-0.009170631161061428
-0.009004162426530335
-0.007860130852739044
-0.007566575623374427
-0.006395470932668413
-0.0059940590803485095
-0.004838583663634037
-0.0043663142488017505
-0.003284096404671313
-0.0027980944888695495
-0.0018609006436930587
-0.001434349690993709
-0.0007342555455348205
-0.0004403900793840716
-8.723125451211828e-05
-5.099898608963713e-06
-9.243703266818844e-05
-0.0003019635947140745
-0.0009005905486634328
-0.001460855622402333
-0.002611677193539843
-0.0035236105820106475
-0.005239755099117998
-0.006455511817295651
-0.00864719728223133
-0.0100897513138588
-0.012579146376104857
-0.014108134670644682
-0.01665848097905256
-0.018086731382915534
-0.02042896053705872
-0.021565007029519176
-0.023447720664772468
-0.02415481887084763
-0.02540692194893919
-0.025659651233682957
-0.026237909092929997
-0.026126386906289188
-0.026111665007947104
-0.02570419767076172
-0.025174220340918298
-0.024533865510545136
-0.02354811655085497
-0.02269511640767455
-0.021259019873898184
-0.02024101140684655
-0.018443686276082828
-0.017238430048033774
-0.015159378788891405
-0.01378588487680564
-0.011562942461020331
-0.010127452094329189
-0.007953822276798762
-0.006609038256705635
-0.004686737938447987
-0.0035799011569154562
-0.0020768949458749774
-0.0013106323267694747
-0.00033741120206128597
4.3491292870551515e-05
0.0004520869874946578
0.0004384338088892509
0.0003281432650941065
-4.083296636300232e-05
-0.0005959429712722432
-0.0012367480408366127
-0.002139707929661161
-0.0029533399676206396
-0.004088620423241692
-0.004991467634655562
-0.006228332389823067
-0.007140206264754362
-0.008381918375723092
-0.00921879032387325
-0.010397360061607077
-0.011098338968307605
-0.012164737933460219
-0.012694898960299307
-0.013619952429289693
-0.013966500095672517
-0.01473966188813409
-0.014907235682171404
-0.015533220630787716
-0.015538805974852804
-0.01603330600963222
-0.015901248774263552
-0.016286716019147232
-0.016044331795067868
-0.016346349075293705
-0.01602047243089507
-0.016264980361654278
-0.015879648040593376
-0.016090856658219563
-0.01566654571587326
-0.01586458337342127
-0.015419982246737119
-0.015617022098730046
-0.015172022117933833
-0.015371715307462692
-0.014943458791888601
-0.015149847417647569
-0.014746433178352227
-0.014965818959375106
-0.014589699190951055
-0.014825953043116229
-0.014476539788407362
-0.014730599438703541
-0.014404953187412983
-0.014674961602954567
-0.014366128583409766
-0.014651084603801356
-0.014343473470472223
-0.014644841058246429
-0.01432076289662772
-0.014631557677188352
-0.014279224462864525
-0.014582393043856697
-0.014190997561974289
-0.014465426198577606
-0.014021358387765567
-0.014244100258900041
-0.013731366701746477
-0.01387820636608798
-0.013280178271619618
-0.013326574057447986
-0.012628378123498062
-0.012551493049276587
-0.011742961472890221
-0.011524780226482501
-0.010604050931668649
-0.01023529318909968
-0.009212892868958041
-0.008697497699767612
-0.007600359659743376
-0.00695995944998649
-0.005834635256026753
-0.0051122142755811615
-0.004026059192910731
-0.0032882480390467425
-0.0023272311974592563
-0.001663918988891446
-0.0009302852244055121
-0.0004452285644412389
-5.00270086117872e-05
0.0001535883557137855
0.0001077554814452525
-6.336497386494563e-05
-0.0006278645730286029
-0.0012362076314228385
-0.0023603505064438554
-0.00341351449664557
-0.005078654432617362
-0.006530724419329008
-0.008629430332166498
-0.010368101540484871
-0.012715457799518031
-0.01456238435837509
-0.016914191317196736
-0.018649793277703865
-0.020739579152232956
-0.022148856213888506
-0.023744668656582067
-0.02467539752422475
-0.025639827208694704
-0.026047457971336067
-0.026387509517240195
-0.0262930873364247
-0.02600211253251093
-0.025412899629885088
-0.024551575285082415
-0.023519890115545387
-0.022138455986235355
-0.020736368579319285
-0.01897477385993592
-0.01731402559812829
-0.015298334791347153
-0.013460783978213852
-0.011331450568224289
-0.009460939044996584
-0.007406861210059955
-0.005687720820816172
-0.003907280662068241
-0.002515566726242227
-0.0011721265715936315
-0.0002347170352194961
0.0005704711360833472
0.000995885985755342
0.0012320449042801558
0.0011508751551439116
0.0008623661632322878
0.0003308750307752859
-0.0003898922097989786
-0.0012707441522285183
-0.002306646845471422
-0.0034140343057425387
-0.004634931080490021
-0.005851493686184346
-0.007119402940802214
-0.008344021946739687
-0.00954328864220239
-0.010679338073906508
-0.01173257384786217
-0.0127091865387522
-0.01356836258547673
-0.014345880980124334
-0.014990291381852434
-0.015556490570995936
-0.0159892189526401
-0.016353368201754325
-0.016595520091694235
-0.016781567274068116
-0.01686573121019049
-0.01690562081757819
-0.016869805670288847
-0.01679777280268668
-0.016680627216311385
-0.01652883816614049
-0.01636648188808501
-0.01616229810173731
-0.015986468804334512
-0.015751663820681914
-0.015587776431497754
-0.015340878751673644
-0.015204039976163968
-0.014965257204501443
-0.01485861393380415
-0.014646998160503804
-0.014572432553231852
-0.014397149488315185
-0.014359595297858971
-0.014223474438612495
-0.014225664701539253
-0.014128576322348603
-0.014170564726808806
-0.014109866943519286
-0.014189230726376024
-0.014158861308884474
-0.014273578530892802
-0.01425767282979562
-0.01441086249932284
-0.014388191584351036
-0.01457553278953768
-0.014531151004995886
-0.01473497795516649
-0.014655906371771077
-0.014852203569144464
-0.01472137349879773
-0.014882966841538763
-0.014678524577257851
-0.014775410238479506
-0.014472313819821532
-0.014472416758534482
-0.014045031248501495
-0.013916326069180057
-0.013342055259322966
-0.013056214205515206
-0.01232029507763014
-0.011857739967082637
-0.010959001814291684
-0.010314903709803409
-0.009271902900844496
-0.00846231103256492
-0.007318815041810796
-0.0063858655426540815
-0.00521373022560916
-0.004229812293792951
-0.00312527543781688
-0.002197600079435985
-0.0012747571687310843
-0.0005337691470677466
7.648198081885538e-05
0.0005025196003388032
0.0006722810271707232
0.0006652489015192679
0.00029233857865356913
-0.00023391393492456735
-0.0012100914238484
-0.002287470299986567
-0.0038607055079911104
-0.005448770211999268
-0.007520851253015542
-0.009499439972532393
-0.011884685085431682
-0.014055370672269432
-0.016497819573781228
-0.018606728228479277
-0.020818089268212225
-0.02260222986132941
-0.024319696932883075
-0.025564753072914902
-0.02661959228069122
-0.02721141336520647
-0.027552562832220046
-0.02742632410155574
-0.027000448056299472
-0.026176992440304234
-0.025003687143095542
-0.023507522501305906
-0.0217365613799143
-0.019815064466395756
-0.01764914757051887
-0.015417692478719056
-0.013094076885009995
-0.010841056480928686
-0.008505253545678423
-0.006291495438659667
-0.004278496252117715
-0.002525197899473638
-0.0009293603559291209
0.00036429431926781204
0.0013552476781745063
0.001976127764847782
0.002331822514633559
0.0023647888586239823
0.002086390681751568
0.0015247579993563328
0.000733127351839673
-0.00027138178086517266
-0.0014514666857474766
-0.0027520284872788662
-0.004156834049718323
-0.005619095617924489
-0.007100350591543648
-0.008554086122984894
-0.009935343394155556
-0.011275558286572068
-0.012486827054011005
-0.01363157685894708
-0.014597275629969987
-0.015458335132910615
-0.016136261324134118
-0.016715607006500738
-0.01714401629390048
-0.017467971310475932
-0.0176696196761577
-0.017748402326864005
-0.017753378614038362
-0.017645702247626946
-0.017526880834716145
-0.017290465852531703
-0.017095207752314545
-0.0167617318236363
-0.016521973241511785
-0.016134029898253886
-0.01589981093201169
-0.015491434842679662
-0.015292606087197042
-0.014881081742799545
-0.014726229633543928
-0.014331532411068614
-0.014232558435229128
-0.01387703766134818
-0.013836554890621293
-0.013530881536456773
-0.013545224991038862
-0.013292155696666315
-0.013366434230467562
-0.013167117110674975
-0.013306516161070696
-0.013158693495337966
-0.013358003618477424
-0.01325731645525959
-0.013513504710716486
-0.013450860741488968
-0.013768522546490271
-0.0137252218532542
-0.01410331674321888
-0.014061432230916162
-0.01448749972823118
-0.014433075926952579
-0.0148887867670919
-0.014804604006340897
-0.015260562377367955
-0.015123900517567542
-0.015543887272386231
-0.01532491299972762
-0.015670827163797557
-0.01533427843182145
-0.015559632976455183
-0.015070579885599667
-0.015125836340660236
-0.014452143143180498
-0.014294982304762643
-0.01341392574634172
-0.013011542238678333
-0.01192092395436951
-0.011260707441934187
-0.00998508800569301
-0.009086694830222538
-0.007683929552956474
-0.00660434965439014
-0.005169509135267156
-0.004009158525048639
-0.002671694112385387
-0.0015711119031671492
-0.0004919016644814574
0.00039293926096482156
0.0010452053517094463
0.0015530766916463101
0.0016232469729999133
0.0016131902654918486
0.0009785404890718383
0.00036608332505526993
-0.0010338456644734366
-0.002271823216193499
-0.004383793610165757
-0.006183128374790686
-0.008844619008206742
-0.011039132404614481
-0.013985423256944391
-0.01631952150249637
-0.019211611948773938
-0.02137823519716503
-0.023856895497585438
-0.025560755751894267
-0.02731796228640904
-0.028344755613093266
-0.029194079519836116
-0.0294016193768832
-0.029219565374931523
-0.028519629680236223
-0.02730476411600159
-0.025772150131512156
-0.02364634239813445
-0.021501015867982753
-0.01878066860647952
-0.01633066945798407
-0.013336224560467212
-0.010836138900714684
-0.00787683601923431
-0.005598401667476692
-0.002982088294426559
-0.001175830584243582
0.0008385934871464921
0.001991865331533927
0.003234570198704589
0.003654596955775625
0.00405969676580594
0.0037714800740969202
0.0033754919430536426
0.0024779377997842383
0.0014205266498914077
6.820287332010534e-05
-0.0014667340473239708
-0.0030753519582940475
-0.004887487097578284
-0.006549962758972308
-0.008435621767655485
-0.009991923030945055
-0.011754584653923355
-0.013072003035760407
-0.014581764090276709
-0.01555752681302137
-0.016746732717884148
-0.017336282840318126
-0.01818589532984009
-0.018396833078745675
-0.01892873982740565
-0.018806442608221674
-0.019071326730252507
-0.018683042542216338
-0.018746588805895494
-0.01816681989148926
-0.018097457816729258
-0.01739674751914172
-0.017256933006197177
-0.01649486191199367
-0.01633639254278004
-0.015558587709909302
-0.015421163544752162
-0.014659720832463306
-0.01457122671972823
-0.013847751769623181
-0.013824470582724305
-0.01315497984472923
-0.01320226407923477
-0.012599246834149862
-0.012718052053331035
-0.012186637561062816
-0.012380623082538284
-0.011919522632659881
-0.012192676214589502
-0.011798097664975637
-0.012153387693344276
-0.011820318839103835
-0.012260081627965722
-0.011982533112319869
-0.012508438891875808
-0.012277817845437609
-0.01289220339474061
-0.012694250714663666
-0.013399115755129129
-0.013218641161727657
-0.014007241278718626
-0.013830530910204277
-0.014686660119321737
-0.014494162317287987
-0.015391029129462474
-0.015160267354154915
-0.01605829520529559
-0.015749128534296823
-0.01660356633301755
-0.016197948182596105
-0.016936610815398573
-0.016324239130296125
-0.016894351649521848
-0.016145396764681713
-0.015895827686378868
-0.01591118996962303
-0.014896837575149416
-0.014659234334814602
-0.013684502886779186
-0.012394159857812472
-0.010730512885803215
-0.00956560694791164
-0.008406864135764901
-0.006969963980692814
-0.005442511679038944
-0.0037033171231904247
-0.0020134798195085785
-0.0006809684270568487
0.000529558499924353
0.0015304014773132614
0.002285347034947598
0.002721762243469661
0.0028159646991620553
0.0025071178683069404
0.001787372686152328
0.0006414633541823227
-0.000913913012726569
-0.0028637677270131326
-0.005191941247902707
-0.007803215801132308
-0.010641735730448002
-0.013650916878189454
-0.016722373594023246
-0.019752097576443722
-0.022634551963231088
-0.02526588751505404
-0.027551071442934776
-0.02942272504414533
-0.030795202921670307
-0.03163191190649357
-0.031892658499139956
-0.03153076321049658
-0.030552178317117533
-0.02897754408470135
-0.026878883886711634
-0.024273161811353333
-0.021341613029376996
-0.01815025381837989
-0.014833949474850243
-0.011471622742812791
-0.008174405932349752
-0.005054457575846465
-0.0021543142912577003
0.00040974182554434353
0.002581676353723289
0.004302128899633548
0.005559069285435712
0.006288237892229146
0.006523574003921823
0.006272416809033476
0.005576198780193595
0.0044780701399560864
0.0030308910244098357
0.0012917071737213466
-0.0006741084183330501
-0.0027984749009271983
-0.005013078143753235
-0.0072513170190113925
-0.00944997134802677
-0.011552236254741322
-0.013502303494342827
-0.015276949843612801
-0.016838581683871416
-0.018168220757920506
-0.018455137602372964
-0.019697978113739308
-0.01978304132377831
-0.02067411016402639
-0.020238424410123947
-0.020202728196240742
-0.020118323968924795
-0.020203332868378353
-0.01941530070357435
-0.01882992430130569
-0.018714045194679958
-0.018335432469748367
-0.017739129989327626
-0.016900117308644446
-0.015541135868839952
-0.014992974787431989
-0.01444682349073173
-0.013714678089884837
-0.013398105185353202
-0.012625228132245326
-0.012989528518190572
-0.01189664456188488
-0.011571002186395481
-0.011084400744317971
-0.010972910311273449
-0.01100822297739523
-0.011223441756858816
-0.010841724837008999
-0.010145488760101637
-0.01025805709373261
-0.010494948029630387
-0.010705679225428453
-0.011102468050536836
-0.01038523507287995
-0.010437935197832215
-0.010801373227649657
-0.011780978856243768
-0.011941180785303587
-0.012338035364020743
-0.012603269315259102
-0.013012529656926664
-0.01332060796348868
-0.01365771704579847
-0.014213614159681563
-0.014667383195484742
-0.015214542215795327
-0.01571599293088136
-0.016243407680585138
-0.016731110208301488
-0.01715473692125548
-0.017596373911394892
-0.017929178663861976
-0.018177626373403796
-0.01826660429668804
-0.017827825434465264
-0.01769335364593584
-0.017353167353095857
-0.016374519057839043
-0.01606772758981396
-0.015833385212432556
-0.014723582022339653
-0.013284447921783566
-0.011411038290571591
-0.010007276181710148
-0.007978575999628429
-0.006096221795747284
-0.004170977713952023
-0.002146114954145048
-0.0002377220642403998
0.0015012441569456714
0.0029816807100475936
0.003952793437746356
0.004743303468738644
0.004908099852520312
0.005041007933343312
0.005019863146871268
0.003405023644047156
0.001938731663375467
-0.0006430135870917395
-0.003050233198293638
-0.006109456647809791
-0.010029003710137954
-0.013713837330346266
-0.017813036364856077
-0.020943753769492784
-0.024710972135916227
-0.027390128161867353
-0.0302739187279149
-0.032154913627157194
-0.033916869551015284
-0.03461987035376309
-0.034730381005628704
-0.034066127937828795
-0.03263820152988241
-0.030652135432723195
-0.02767243929505491
-0.024381009509894087
-0.020311941358924498
-0.016482502234354424
-0.012875196385558698
-0.009168708732960378
-0.0048774988689645
-0.0011559567374360667
0.00161393516643199
0.004516621019541627
0.006574420040358283
0.007988650620928956
0.008804371280769151
0.00904585736517849
0.008563108748951281
0.007191735708301715
0.006099900652309756
0.004167574358961828
0.0020895849280879748
-0.00027395879419907026
-0.002754952369476601
-0.005433089523474892
-0.008096850531736864
-0.011086433168123678
-0.013568564667512056
-0.015948433679864715
-0.0176907958859945
-0.019175669442090044
-0.019925729445154704
-0.021254535382385892
-0.021286914477513602
-0.02194209363938275
-0.02370303714363415
-0.022956855226898283
-0.022246540400766193
-0.021184737061498267
-0.020891257100322518
-0.019653773859479053
-0.02027110758616015
-0.019198634267238925
-0.017959834343024405
-0.01704128596975782
-0.015719794158370486
-0.01440483136309879
-0.013889761053072512
-0.014091812893329631
-0.013413172692551269
-0.012595127059406082
-0.011248339351277548
-0.011435991573639196
-0.010789471630058178
-0.010435185603035172
-0.009724647965642229
-0.009043671046977226
-0.009081899205744526
-0.009396427110081894
-0.009069038065188063
-0.008911813538719506
-0.008793651710056631
-0.008683102759753585
-0.008771241798500045
-0.008756174933781868
-0.009419918541054265
-0.009321366517126735
-0.009617488350372334
-0.009614296563022226
-0.010354757531745081
-0.010429480211199084
-0.010932867391747335
-0.011127044125079585
-0.011583639194139714
-0.012291126374577297
-0.012651238294287074
-0.01361345765532858
-0.014039705807555865
-0.015010624936175098
-0.015484197697297659
-0.016214866230986537
-0.016990953536912753
-0.017945079258190014
-0.018269054226717558
-0.019418282360929212
-0.019420374543382857
-0.020201793557387136
-0.020093089730740823
-0.020205156135270005
-0.019836937215151836
-0.019331846264423747
-0.01866266488496864
-0.017673306732997014
-0.01648293720452972
-0.01513880547393554
-0.013051501632664539
-0.011080319421215287
-0.008708796890756133
-0.006528489807904072
-0.0038942561697857454
-0.0015146929894087721
0.000797058185535987
0.0029065435389459605
0.004702395709618505
0.0061126179867678045
0.007047789323399748
0.007430852344515808
0.007202864572167861
0.006268946996911088
0.005078396575688621
0.0022603708783647705
-0.0005961019140760035
-0.0038735627059713284
-0.007697600379105181
-0.011681191453984822
-0.01549406449595127
-0.020175444503421083
-0.023957029046427932
-0.028117785886458385
-0.031173838973282363
-0.03425481793006779
-0.03616349734101504
-0.03760895280130872
-0.03800926429202948
-0.03759701463902535
-0.036325033104758986
-0.03403940125395628
-0.031250891296658916
-0.0274012917678175
-0.023587209207021054
-0.018783624267815963
-0.01460828825474092
-0.009441514408165793
-0.0054996066846506025
-0.000754985276905252
0.0024235436436633164
0.006167063846411015
0.008084864079732945
0.010490890564726772
0.010949785299669654
0.011729396842445073
0.010815557060029426
0.010015845868967727
0.007952677399497943
0.005872078671119462
0.003030422208351541
6.345795582381879e-05
-0.003088236880360374
-0.006485711102275344
-0.009480346366667503
-0.012887550819301376
-0.015343486243167007
-0.0183585498649032
-0.020055116669809154
-0.02239804401658809
-0.0231778854323235
-0.024802037675553397
-0.024654746352041762
-0.025578773099947907
-0.024676612556620903
-0.025001104826269216
-0.023541691248521922
-0.023470163305054217
-0.021665433617270666
-0.02135220347427759
-0.01942929684770507
-0.019016319336301407
-0.01717910323033401
-0.01600587008255579
-0.01503582090365131
-0.01453890439312933
-0.012782689736080379
-0.01280157662757258
-0.011361044762866746
-0.011002033829696922
-0.01000833718456979
-0.00939130633386185
-0.00913481999607116
-0.008760113027210694
-0.008317213472443082
-0.008011549970262322
-0.007718664823470388
-0.007501280449940881
-0.007321110980734199
-0.0071969753587969925
-0.00711530134869828
-0.007082154811790703
-0.0070928600070990595
-0.007149914424862129
-0.007252356378760028
-0.007402101178588241
-0.007600079497819053
-0.007848457811248228
-0.008149039644299397
-0.008504006537830901
-0.008915412998481562
-0.009385594368991034
-0.009927614930370685
-0.010520838538214438
-0.011182637016906501
-0.0119086760212954
-0.012701526294690135
-0.0135565916732188
-0.014568363598314541
-0.015142808507442306
-0.016748620728487443
-0.017353202018039155
-0.0185970720383331
-0.01960752565314609
-0.019946677241895614
-0.02139608806708138
-0.02176883168780993
-0.022345607013262075
-0.02307168280409407
-0.022652104742286884
-0.022883702064125384
-0.021312818270563166
-0.020780395500552842
-0.01939070013350288
-0.017611318212668103
-0.015450591949613738
-0.01295855915315514
-0.010237320297669106
-0.007349098849339347
-0.004258158772295646
-0.0012125901601792622
0.0018144909439787632
0.004558692247980868
0.0068914598773806655
0.008661448749923336
0.009874148622220077
0.010389221187470219
0.010152229837663052
0.009086199312517407
0.007185113391685642
0.004514907448986326
0.0010750026159835968
-0.002996096706126311
-0.006556363606958933
-0.012467808901884219
-0.01742485679842628
-0.022419125939900888
-0.027176640401251118
-0.031052347575267942
-0.03512010491961022
-0.03810613847487351
-0.04020856048706103
-0.041397788470732215
-0.041565474869506264
-0.04066869224581793
-0.03877164139763057
-0.0360276189950817
-0.032054535189133704
-0.028001073042510486
-0.0228605141514152
-0.0171488729229007
-0.012239443151668765
-0.005945713123626074
-0.0007400785318190327
0.0038955965170231503
0.006635022557995543
0.010692468962178674
0.012438467843307426
0.01428454480692705
0.015240089665704608
0.014232698412017694
0.013241551017466357
0.011237840246970329
0.008499152159702934
0.005051531316746341
0.0015025513748063506
-0.0024088088339484027
-0.006190832197557866
-0.010631004464316283
-0.013971149927944477
-0.017677689555589907
-0.020713152444565314
-0.023133357134431175
-0.02531691194264466
-0.026762300774557487
-0.027822380762539792
-0.028117067259849523
-0.02857260005070103
-0.027770155992174014
-0.026858431500122286
-0.026441978480124424
-0.024398196725484527
-0.022968557273520027
-0.021383396775127433
-0.02000767657357379
-0.01887917839175722
-0.01710830983593408
-0.01604011428695974
-0.01436707130213171
-0.013422949236747932
-0.012118955023149858
-0.011311767158554567