0.002065642066386708
0.002253610484023838
0.0026208226296704495
0.0030245272058548878
0.003310382180718996
0.003788222624173443
0.004316978995528409
0.0047437937567140764
0.005380572364700242
0.006087879131599472
0.0067150429340454565
0.007576881322298057
0.008536305889418117
0.00944573316484032
0.010624047550995996
0.011937494567078488
0.013242826645766037
0.014864597479027353
0.016673754271603336
0.01853312072313873
0.020775146908964537
0.0232773826946433
0.02591113884419105
0.02901985635045623
0.0324903306622204
0.036205721512732936
0.04052475217271123
0.045347131204638735
0.0505725351632913
0.05658089409129108
0.06328989318453182
0.0706221713829649
0.07898697245838271
0.08832687360963654
0.09859627284877082
0.11024463194894185
0.12324865825729958
0.13760622207921713
0.15382116717430883
0.1719161911329552
0.19195287568744845
0.21448996114906738
0.23962220761756203
0.26749579200649
0.2987391234437524
0.33352661629444214
0.37210639228034026
0.4151836256824586
0.4630240444426299
0.5159626588162398
0.5746982707591233
0.6397573368524734
0.7115272241925643
0.7906455093871383
0.8775109865554755
0.9727287724788658
1.0768252713227442
1.1902559221580207
1.3135206627202791
1.4470690852689865
1.5912344268328003
1.746365129547101
1.9128087738402506
2.090581508199616
2.279741196077623
2.479619327142279
2.6891417691929504
2.9062274673915987
3.1276348450794256
3.3492785641194294
3.5670749670075814
3.777627423487779
3.978735743609697
4.169140668718677
4.348274376361628
4.51606197333841
4.6725823602876915
4.818065341891661
4.9528164002619235
5.0773925091097665
5.191889244920507
5.297071930801094
5.393329456362244
5.481069291977237
5.561067656473594
5.633521097656142
5.699293945237494
5.7587256332453896
5.812303197518121
5.860554974401839
5.90404903006492
5.943080574896899
5.978150987330809
6.009416978142831
6.037504771881434
6.062759202917789
6.085197534822391
6.10522537726759
6.12310275442044
6.13901216640487
6.153137308206499
6.165780548837474
6.176796009848595
6.186614602962564
6.1951686385999425
6.202691115177933
6.2092522919101
6.214821243380384
6.219688690326369
6.223647768072226
6.226889611168299
6.229452926904075
6.23130044343777
6.232508817631726
6.2330539002528464
6.2331647304564415
6.232519668206084
6.231223825852005
6.229329156228291
6.226781402476641
6.223429551286934
6.219446623558312
6.214607426189868
6.209067759966876
6.202488557533691
6.194932246419585
6.186304229514386
6.17642840220438
6.165240451571233
6.152569286033621
6.1384553816661125
6.1224063245680735
6.104524245582427
6.084264848609092
6.061782263667691
6.0364310678798105
6.0081847178346734
5.976671805357281
5.941605723288415
5.9023221809696675
5.858727633574617
5.810271442369023
5.756381414659799
5.6967387382506995
5.630778900111432
5.557881136727421
5.477644878863806
5.389516129550389
5.292890908038702
5.187336313718598
5.072374357905671
4.947478045934039
4.812239863858107
4.666322847151097
4.509341845150585
4.341043695836079
4.161403802262866
3.97053908078054
3.7689881088986006
3.558093446296617
3.340104269652519
3.118437116864076
2.8972156371386895
2.680503073303754
2.4714490099291275
2.272084650574815
2.0836674493061835
1.9064222601433194
1.740626291890452
1.58604611539897
1.4424393971342582
1.3094098469902224
1.1867140520376314
1.0738202239396202
0.9702511829512837
0.8755375992730468
0.7891450627877585
0.7105009185894886
0.6391768748054556
0.5746961844538578
0.5164675938643342
0.46397092812367724
0.41661895961928863
0.3741146929158745
0.3359571359737856
0.30172358178711
0.2711618196328178
0.24390352762335787
0.219453012698688
0.1977767916506057
0.17847194389484677
0.1613237121287856
0.1462135054587943
0.1327931019833155
0.12112187524018658
0.11080935364366873
0.10187464701949622
0.09427749968247134
0.08787102549187864
0.08258372766982447
0.07810349139049322
0.0747592397102963
0.07233061782272365
0.07073236923154802
0.07002874645509927
0.07034477039270204
0.07134071307827039
0.07327896810610568
0.07617370283380342
0.07987113432031911
0.0847182536675275
0.09045953808069385
0.0974665515624169
0.10553429757368349
0.11502906969582938
0.12579983518545124
0.13825029880672712
0.15239401728567792
0.16827456760449433
0.186355508845498
0.20670769128663213
0.22942298372147718
0.25507525769158956
0.2837899510982673
0.3157427912102646
0.35161124095123863
0.3915904160798771
0.4359713057975183
0.48549684520431136
0.5404596791252043
0.6013204203592712
0.6686785769940791
0.7429145231732974
0.8247587265418934
0.9146311349554113
1.013066841397852
1.1205228292086344
1.2375659097981906
1.3646225553088964
1.5020563406474006
1.650259179703795
1.809634517380104
1.9803139811781278
2.1623643773196797
2.355562232096444
2.5591985363176626
2.7718065522941764
2.9908583559787907
3.212727976331035
3.4332255445003597
3.648456286887134
3.8554729439905584
4.052453869646098
4.238470943806839
4.413163389628959
4.576499017665823
4.728635723255385
4.869856137205097
5.000516784569036
5.121020755432296
5.2318094350886835
5.333357024185045
5.4261600712970575
5.510731838773679
5.587596186113589
5.65728054740058
5.720308963132176
5.777195542035479
5.828438204724739
5.874513164091347
5.915870857825207
5.952933294522549
5.986092347256857
6.01570893102194
6.042113162708565
6.065605212404063
6.08645644624086
6.104910791181839
6.121186358527485
6.135477155230502
6.14795469269941
6.15876950276677
6.168052614199353
6.17591690604093
6.182458270942281
6.187756627738793
6.19187681344789
6.194869319758076
6.196770853557979
6.197604747697255
6.19738123626083
6.196097577304169
6.19373801570678
6.190273598927764
6.1856618495130355
6.179846284020703
6.172755774455663
6.164303757618603
6.154387293688245
6.142885971406864
6.129660664113919
6.114552149224915
6.097379607488357
6.077939026953397
6.056001552356825
6.0313118424386065
6.003586519757679
5.97251282216974
5.937747592852817
5.898916772205274
5.855615579073637
5.807409582032561
5.753836848322345
5.69441130397392
5.628627336401538
5.555965524499271
5.4758992129815045
5.387901504482002
5.2914521923263855
5.186044257657203
5.071189807181497
4.946426175857116
4.811326502328889
4.665506430776555
4.508638055433332
4.340479853758206
4.1609445456982055
3.9701885507527876
3.7687899458080913
3.5580206370717278
3.340161161536342
3.1186234609759484
2.8975417263022525
2.6809427080410835
2.4720116664713068
2.2728047578088084
2.0844159758693284
1.9073073635147395
1.74156848762955
1.5870740086771722
1.4435655688136801
1.310702199387503
1.1880891588488591
1.075292891932417
0.9718471762647436
0.8772610254634774
0.7910254162564119
0.7126195763642578
0.6415176158614653
0.5771954807972115
0.51913787353174
0.4668446786902738
0.41983649155047154
0.3776589941601145
0.33988609133288605
0.3061218588780825
0.2760014500302219
0.24919115319217333
0.22538780347083964
0.2043177345905196
0.18573543029974893
0.16942200503802773
0.15518361723401775
0.14284989363284062
0.1322724220127558
0.12332335229451097
0.11589413231036083
0.10989439417941327
0.10525100071210503
0.10190725686188884
0.09982228849662
0.09897058931419256
0.09934173598061058
0.10094027128781402
0.10378575517284006
0.10791298366643964
0.11337237600272854
0.12023052999752526
0.1285709452163566
0.1384949121970802
0.15012256374312116
0.16359408087939542
0.17907104049186717
0.19673788395163427
0.2168034731384587
0.23950268398269792
0.26509796633094407
0.2938807758536237
0.3261727582149083
0.3623265395140205
0.40272594841942677
0.4477854725057462
0.49794874789490784
0.5536859112112884
0.6154897160268824
0.6838704361945398
0.759349737535814
0.8424538627849758
0.9337065893895238
1.0336224030231342
1.1427001316298275
1.2614168765162654
1.3902214642117219
1.5295250680981978
1.6796906467074475
1.841013911447149
2.0136839732870477
2.1977059807461234
2.3927785808039737
2.5980815246471316
2.811972392621083
3.031707448484145
3.253504685543767
3.473167436145193
3.6869424706996945
3.892092830858358
4.086985876984525
4.270818925966292
4.44330459050467
4.604451342604956
4.754442949232564
4.89357646653405
5.022217565399653
5.1407742379435675
5.249692993827823
5.349450751469288
5.440545667828039
5.523491175316924
5.5988096942676275
5.667025858200234
5.728659516180649
5.784218947186884
5.834194742217761
5.879054703705208
5.919239947774485
5.955162235365277
5.987202436230606
6.015709955360007
6.041002921304859
6.063368939289044
6.083066233629199
6.100325031358421
6.11534906579277
6.1283171061146655
6.139384443021676
6.148684280465757
6.156328999053486
6.162411268634313
6.167004996214562
6.170166100756108
6.171933110014205
6.17232757690466
6.1713543142306495
6.1690014472528265
6.1652402839598395
6.160025003289666
6.153292162097028
6.144960022590476
6.134927703677622
6.1230741624645475
6.109257016383554
6.093311222846079
6.075047642594637
6.054251526549358
6.03068098410794
6.0040655143225425
5.974104705675932
5.940467237162503
5.9027903397467725
5.860679902198312
5.813711421911947
5.761431993674421
5.703363483361873
5.639006940925395
5.567848168680245
5.489364194380867
5.403030246410186
5.3083267555128
5.204745977080723
5.091798051009979
4.969016922870335
4.835970075890275
4.692266729951426
4.537568174986646
4.371615076038376
4.194287619267923
4.005688876784072
3.806303027471637
3.59725105829037
3.3806075454990125
3.1595857929654603
2.9382385384996716
2.7206742531047823
2.510267030612006
2.309279764887874
2.1189604398083794
1.9398665441468381
1.772143682867446
1.615699929255264
1.4702990933956919
1.335614217013278
1.211260610455943
1.0968132570133218
0.9918132053374631
0.8957754508322076
0.8081959664768572
0.7285579999095422
0.6563386541840242
0.591015827188432
0.5320751957954144
0.47901679230212046
0.4313607520800051
0.3886519480384525
0.3504633965240824
0.3163984652046725
0.2860920155473483
0.2592106673550667
0.23545238869684404
0.21454560270983336
0.19624797626993562
0.1803450268228861
0.16664865593440226
0.15499569410073377
0.14524651843895064
0.13728378760394833
0.13101132384997527
0.12635316157750154
0.12325277452771743
0.12167248899470273
0.12159308734594987
0.12301360416192608
0.1259513160295027
0.13044192503145347
0.13653993500741723
0.14431921838114192
0.15387376937716546
0.16531863661295887
0.17879102362303456
0.19445153920293823
0.21248556972994326
0.2331047311825687
0.25654834100186363
0.2830848262126011
0.3130129615377255
0.3466628046402178
0.3843961675470844
0.4266064370150797
0.4737175413120118
0.526181871653514
0.5844770155027641
0.6491012542774639
0.7205679180622422
0.7993988561609262
0.8861174312212494
0.9812415059681685
1.0852767969372303
1.1987106758911477
1.3220059861447586
1.4555934578529417
1.5998610196243837
1.7551419348846107
1.9216868960842355
2.099608242651305
2.2887847441503624
2.4887017412039505
2.698191574698196
2.9151166602011873
3.136202637959654
3.3573723081133755
3.57454196801749
3.7843970537103857
3.98473965640265
4.1743696938436425
4.352759382081217
4.519780529904234
4.675531073674771
4.820254450514711
4.954281515446969
5.077999071427006
5.191830924614769
5.296237771661502
5.3917053428754675
5.478737600441132
5.557850684846393
5.629566354643724
5.69440503485936
5.752878836423554
5.8054850076259665
5.852700232174554
5.894976047464652
5.932735489483609
5.966370926076143
5.9962429408411175
6.0226800782143854
6.0459792475521414
6.066406597128643
6.0841986943398565
6.099563876008838
6.112683660197371
6.12371413625188
6.13278727138573
6.140012090557468
6.145475700503205
6.149244138223499
6.151363031356846
6.151858062783871
6.150735235095185
6.14798093268306
6.143561780904676
6.137424303487357
6.129494381295123
6.119676518103731
6.107852922717674
6.093882422146491
6.077599228353263
6.058811592592281
6.037300396482674
6.01281774943369
5.985085687531111
5.95379509255225
5.918604977831469
5.879142313855807
5.835002588285773
5.785751301306906
5.73092657219523
5.670042964847838
5.602596524292615
5.528070860930844
5.445943953470081
5.355695219942282
5.256812397215798
5.14879791602648
5.031174767806068
4.903493631492907
4.765344244729926
4.616360149710758
4.456239572118491
4.284783370804805
4.1019712304601725
3.908069702013849
3.703841404501466
3.490840281948836
3.271701227737168
3.0501245514824653
2.830298485778835
2.616042352808483
2.410197035148844
2.214489386248495
2.029786794417525
1.856417187245146
1.6943943636053334
1.5435494053659493
1.4035969856898731
1.2741805059833435
1.1548958325398786
1.0453022348012322
0.9449287657820005
0.8532822700541836
0.7698538640996304
0.6941253477943565
0.6255760099116205
0.5636896667931843
0.5079615272722044
0.4579044318388874
0.41305410681428967
0.3729732344165573
0.3372543006753279
0.30552130873411265
0.27743052324321305
0.2526704456537754
0.2309612203322846
0.21205365166091816
0.19572798369469346
0.1817925652701078
0.17008249861846103
0.1604583440567744
0.15280493508709014
0.1470303416318881
0.14306500662861765
0.140861072503494
0.14039190799640533
0.14165184158005228
0.14465610445928512
0.1494409836916013
0.1560641837367216
0.16460539203156177
0.17516704060107458
0.18787525086172074
0.20288094183163619
0.22036107165854357
0.24051996821915456
0.26359068620067916
0.2898363052537949
0.31955106067146577
0.3530611699589361
0.39072519235717884
0.4329337317149955
0.4801082797265499
0.5326990096040127
0.5911813825337671
0.6560515267443057
0.7278204918445672
0.8070076467002236
0.8941336342905712
0.9897133496133126
1.094249300105524
1.2082254040487133
1.3321007386082764
1.4663015984180658
1.6112109296165995
1.7671557314038644
1.934377816685732
2.1129748588978465
2.3028028834626486
2.5033098311189637
2.7132698838820026
2.9304685018208776
3.1515601981726435
3.37244279357496
3.589068563253342
3.798196934026702
3.997707474788432
4.186456103621567
4.363948536541249
4.5300749742919075
4.68494347356934
4.8288035940996545
4.961989224867972
5.084888351940628
5.197925670271396
5.301562103093582
5.396282868207661
5.482590828063392
5.561000383149312
5.6320308515758954
5.69619947744032
5.754014441133178
5.805968331975115
5.852532487986515
5.894152462725443
5.931244713174692
5.96419446159055
5.993354588308758
6.019045363717283
6.041554817158175
6.061139554986425
6.078025864693167
6.0924109711226
6.104464336576824
6.11432892249746
6.122122351795141
6.127937928767529
6.131845486866451
6.1338920448104615
6.134102258409249
6.132478660588631
6.129001686096605
6.1236294806178195
6.116297497125751
6.106917885961329
6.0953786898839235
6.0815428617409255
6.0652471313273955
6.046300760662091
6.024484244121722
5.999548030494883
5.971211371025727
5.939161420541885
5.903052747927563
5.862507437150209
5.8171159783331055
5.766439146055618
5.710011024578335
5.647343257020487
5.5779304662585725
5.501256633028082
5.416802058352027
5.324050444036607
5.222495662230737
5.1116479754773545
4.991039925228663
4.860235201227403
4.71883827707486
4.566501649555357
4.402951193024044
4.228037495916703
4.0418154737402245
3.844682171256582
3.637614615849647
3.422481260203509
3.2022765442796546
2.9809350153515792
2.7626157643346074
2.550872727408712
2.3481878285447406
2.155983068600677
1.9749273686281876
1.8052327431728132
1.6468472197747888
1.4995614068799759
1.363065664699973
1.236987972935725
1.1209140739267438
1.0143946451907135
0.9169529274544965
0.8280922425957487
0.7473023544877408
0.6740660210083655
0.6078659307210978
0.5481917599872697
0.4945469127178539
0.4464545100104713
0.4034623194067821
0.36514647841727754
0.33111401930673967
0.30100431305197173
0.27448961309007647
0.25127490169906697
0.23109723483837907
0.21372475745166053
0.1989555325765311
0.1866162998549532
0.1765612533926033
0.16867090673882768
0.16285109401909548
0.15903214136574118
0.15716823128992186
0.1572369745740252
0.15923919826360766
0.1631989535713929
0.16916374346192953
0.17720496572296351
0.1874185626767506
0.19992586261512013
0.21487458981011986
0.232440008576825
0.2528261511759089
0.27626706008205115
0.3030279515642267
0.33340618363886243
0.3677318826190481
0.406368056357552
0.44970999805819556
0.49818377813798875
0.552243645497672
0.6123682243425304
0.6790555040641761
0.7528167731234356
0.8341698111276328
0.9236317791907807
1.02171226020727
1.128906738322149
1.245690443367021
1.372511791091612
1.509783257955866
1.6578713268072018
1.8170795183452384
1.9876128772044872
2.1695065280312438
2.3625140910268794
2.5659113919501184
2.7782059589494175
2.996841010193023
3.2181796805386336
3.4380464238936357
3.65257801767921
3.8588620375709324
4.0551020757850225
4.240382000455843
4.414344506765736
4.576956567518906
4.7283730212630335
4.868872036031147
4.998805099435982
5.118569592724111
5.228600311241969
5.329364578675366
5.421351531973548
5.505065978261847
5.581022115824045
5.649736747759508
5.71172222096759
5.767479504046838
5.817491857729036
5.86221946322236
5.90209521730036
5.937521740432548
5.968869515696399
5.996475996137174
6.020645482631533
6.041649572045326
6.059727993749733
6.0750896791888245
6.087913939268789
6.098351647682906
6.106526354167688
6.112535272555948
6.116450104253381
6.118317670453213
6.118160335970875
6.11597621475108
6.1117391525076625
6.105398486819635
6.096878590079048
6.086078206402775
6.072869600732113
6.057097548032746
6.038578203529538
6.017097912831274
5.99241204154549
5.964243930668959
5.932284107685903
5.896189913017804
5.855585725212278
5.81006398557557
5.7591872179127135
5.702491198112917
5.639489341890296
5.569678246740819
5.492544161088017
5.407569998596547
5.3142424310059
5.21205864227949
5.100532526680502
4.9792006533106585
4.847631789948234
4.705435569745654
4.55227128261236
4.387874128664705
4.2121108086197045
4.025059870677155
3.8271585940657866
3.6194479848512637
3.4038858801752587
3.183559878945764
2.962452491304826
2.744696901874481
2.533765445175466
2.3320430935651393
2.1408761591561776
1.960886585012779
1.792259764968203
1.6349292591352649
1.4886769057388518
1.3531883901028126
1.2280890780988196
1.1129634219226245
1.007361244998397
0.9108057612497875
0.8228009912692196
0.7428381307958167
0.6704021614062912
0.6049788359175361
0.5460617503671132
0.49315906036790036
0.4457994185393792
0.4035368381078994
0.3659543525938931
0.33266649076612875
0.3033206913105575
0.27759784197252113
0.25521214653778745
0.23591051348135483
0.21947163737038355
0.205704913681374
0.19444930152315454
0.18557222258416406
0.17896856251216864
0.17455982287323923
0.1722934567101264
0.1721424093934525
0.17410487779182926
0.1782042940599542
0.1844895344559827
0.19303534774036724
0.20394299120926185
0.21734105428899753
0.23338643875626097
0.25226545040934134
0.27419493823416374
0.29942339533631923
0.3282319111271015
0.360934837819217
0.3978800055519196
0.43944829633599714
0.4860523734276718
0.5381343762504152
0.5961624425478869
0.6606260171624072
0.7320300472699461
0.8108883295221068
0.8977164176846726
0.9930245526412644
1.0973109721166994
1.2110556600367035
1.334714020972526
1.4687086320467557
1.6134190133249682
1.7691687790422428
1.9361963010441112
2.114594989195009
2.3042167443384294
2.5045051367763396
2.7142303592711823
2.9311760397726445
3.1519993652092797
3.372605465399758
3.588955459967898
3.7978153984864305
3.997067157256561
4.185565727481012
4.362814382541942
4.528700374732653
4.683328546482716
4.826945335597904
4.959881439844705
5.082521724766714
5.195287288081419
5.298635442799438
5.3930475442980255
5.479022226728978
5.557069248283335
5.62770281838289
5.691434557457788
5.748766461075687
5.800184324088985
5.84615202495461
5.887106926444881
5.92345648386629
5.955576012009133
5.9838074673815855
6.008459053896559
6.029805449598345
6.04808846486743
6.063517969794231
6.076272953442628
6.086502607784979
6.094327352630546
6.09983973964672
6.10310519178728
6.104162548693179
6.103024399190794
6.099677190414569
6.094081110400895
6.086169747727732
6.075849538750941
6.0629990214064495
6.047467925367528
6.029076142577036
6.007612640523934
5.982834403097822
5.954465508653978
5.922196482720121
5.885684088474012
5.844551743650726
5.7983907660300105
5.746762638646128
5.689202437449692
5.625223469864247
5.55432303369904
5.47598904099627
5.38970710455852
5.2949676203789995
5.191272455247329
5.078141072551723
4.9551167280045085
4.821777167412693
4.677741189378564
4.52268140085838
4.356352416666596
4.178654932219704
3.989719563406899
3.7900732431968702
3.580899409077384
3.3643513086309316
3.1437105870926434
2.9230471054286493
2.7064234020220717
2.4971318143592747
2.2973538724543374
2.1082818061283675
1.9304424659710513
1.7639667512803676
1.6087575834714514
1.4645773377238172
1.3311006588063794
1.2079460602470604
1.0946932802678369
0.9908884952480452
0.8960529145547049
0.8096898912105193
0.7312913104203034
0.660344300546333
0.5963382861174971
0.5387720526284046
0.48716037589638184
0.4410398118435772
0.39997338182675257
0.3635540541345623
0.33140706390696906
0.30319121111598335
0.2785993262599238
0.25735810756233235
0.23922752081097975
0.2239999273265667
0.21149907705063598
0.2015790760042453
0.19412341272557043
0.18904410657575887
0.18628102256969292
0.18580138289996118
0.18759949396518838
0.19169669842749126
0.19814155387156074
0.2070102319981535
0.21840712386147487
0.23246562633708656
0.2493490719413991
0.26925174725739254
0.29239992459304975
0.3190528077048711
0.3495032666469635
0.38407820875947607
0.42313840564915584
0.4670775764016346
0.5163205271458349
0.571320179551063
0.632553396309266
0.7005156334865497
0.7757146072337342
0.8586633225065166
0.9498729146672096
1.0498457303874575
1.1590688698626819
1.278007994875737
1.407100207810931
1.5467440751030184
1.6972899262823544
1.85901830373958
2.0320974108434626
2.216502889061445
2.4118908675291912
2.6173772257387107
2.8312329447645457
3.0506235626109355
3.2717189590479476
3.49034852774407
3.7028448122436695
3.906572228984225
4.099976847721959
4.282302305344664
4.4532843329561445
4.6129404331996495
4.761457633253295
4.899131577486086
5.026324398433554
5.143438467414968
5.250914142793684
5.349220952629501
5.438848317846514
5.520299476912684
5.594085026912944
5.660715991331278
5.7206967039012735
5.774517942529877
5.822650751561909
5.865541278748362
5.903606791303354
5.937232880797911
5.966771750450327
5.992541409628231
6.014825574196518
6.0338740747735775
6.049903597616097
6.0630986077964195
6.073612334809771
6.081567725794058
6.0870582951510235
6.090148819297581
6.090875841831677
